#include<stdio.h>
int main()
{
    int logo[25][25]=
{{0,0,0,0,0,0,0,0,0,0,0,1,1,0,0,0,0,0,0,0,0,0,0,0,0},
 {0,0,0,0,0,0,0,0,0,0,1,1,1,1,0,0,0,0,0,0,0,0,0,0,0},
 {0,0,0,0,0,0,0,0,0,1,1,2,2,1,1,0,0,0,0,0,0,0,0,0,0},
 {0,0,0,0,0,0,0,0,1,1,2,2,2,2,1,1,0,0,0,0,0,0,0,0,0},
 {0,0,0,0,0,0,0,1,1,2,2,2,2,2,2,1,1,0,0,0,0,0,0,0,0},
 {0,0,0,0,0,0,1,1,2,2,2,2,2,2,2,2,1,1,0,0,0,0,0,0,0},
 {0,0,0,0,0,1,1,2,2,2,2,2,2,2,2,2,2,1,1,0,0,0,0,0,0},
 {0,0,0,0,1,1,2,2,2,2,2,2,2,2,2,2,2,2,1,1,0,0,0,0,0},
 {0,0,0,1,1,2,2,2,2,2,2,2,2,2,2,2,2,2,2,1,1,0,0,0,0},
 {0,0,1,1,2,2,2,2,2,2,2,2,2,2,2,2,2,2,2,2,1,1,0,0,0},
 {0,1,1,2,0,2,0,2,0,0,2,0,0,0,2,0,0,2,2,2,2,1,1,0,0},
 {1,1,2,2,0,0,0,2,0,2,2,2,0,2,2,0,2,0,2,0,0,0,1,1,0},
 {1,2,2,2,0,2,0,2,0,0,2,2,0,2,2,0,0,2,2,0,2,0,2,1,0},
 {1,1,2,2,0,2,0,2,0,2,2,2,0,2,2,0,2,0,2,0,0,0,1,1,0},
 {0,1,1,2,0,2,0,2,0,0,2,2,0,2,2,0,2,0,2,2,2,1,1,0,0},
 {0,0,1,1,2,2,2,2,2,2,2,2,2,2,2,2,2,2,2,2,1,1,0,0,0},
 {0,0,0,1,1,2,2,2,2,2,2,2,2,2,2,2,2,2,2,1,1,0,0,0,0},
 {0,0,0,0,1,2,2,2,2,2,2,2,2,2,2,2,2,2,1,1,0,0,0,0,0},
 {0,0,0,0,0,1,1,2,2,2,2,2,2,2,2,2,2,1,1,0,0,0,0,0,0},
 {0,0,0,0,0,0,1,1,2,2,2,2,2,2,2,2,1,1,0,0,0,0,0,0,0},
 {0,0,0,0,0,0,0,1,1,2,2,2,2,2,2,1,1,0,0,0,0,0,0,0,0},
 {0,0,0,0,0,0,0,0,1,1,2,2,2,2,1,1,0,0,0,0,0,0,0,0,0},
 {0,0,0,0,0,0,0,0,0,1,1,2,2,1,1,0,0,0,0,0,0,0,0,0,0},
 {0,0,0,0,0,0,0,0,0,0,1,1,1,1,0,0,0,0,0,0,0,0,0,0,0},
 {0,0,0,0,0,0,0,0,0,0,0,1,1,0,0,0,0,0,0,0,0,0,0,0,0}};
for(int i=0; i<25; i++)
{
    for(int j=0; j<25; j++)
    {
        if (logo[i][j]==1)
        {
            printf("O");
        }
        else if(logo [i][j]==2)
        {
            printf("#");
        }
        else
        {
            printf("");
        }
    }
}

    return 0;
}